41254 hosam 12 0124446587 2.5 31468
42364 nadeem 15 0154468793 3 35564
42649 ahmed 7 0132546687 1.2 34697
45697 adel 9 0123336971 2 34147
46989 awab 12 0168897134 2.3 36697
46697 hamza 18 0166977485 4 37998
43569 hady 10 0179986453 2.5 31354
49766 omar 11 0198886453 3.6 33645
48315 hatem 9 0179886133 2 33987
44687 sif 6 0169553498 1 37964
47987 mazen 13 0126998743 3 39164
44659 shibl 16 0172550312 4 31164
41132 ziad 9 0166455167 3.5 39786
45556 mohamed 10 0179884651 2 38897
44446 sami 19 0123346566 4 36363